componente,var_exp,var_exp_acum
PC1,31.17,31.17
PC2,24.02,55.19
PC3,13.38,68.57
PC4,9.68,78.24
PC5,6.78,85.02
PC6,6.54,91.56
PC7,5.52,97.09
PC8,2.56,99.65
PC9,0.24,99.89
PC10,0.11,100.0
